 -650 -479 0 1
 -635 -479 0 1
 -619 -479 0 1
 -603 -479 0 1
 -587 -479 0 1
 -571 -479 0 1
 -555 -479 0 1
 -539 -479 0 1
 -523 -479 0 1
 -507 -479 0 1
 -491 -479 0 1
 -475 -479 0 1
 -459 -479 0 1
 -443 -479 0 1
 -427 -479 0 1
 -411 -479 0 1
 -395 -479 0 1
 -379 -479 0 1
 -363 -479 0 1
 -347 -479 0 1
 -331 -479 0 1
 -315 -479 0 1
 -299 -479 0 1
 -283 -479 0 1
 -267 -479 0 1
 -251 -479 1 0
 -235 -479 1 0
 -219 -479 1 0
 -203 -479 1 0
 -187 -479 1 0
 -172 -479 1 0
 -156 -479 1 0
 -140 -479 1 0
 -124 -479 1 0
 -108 -479 1 0
 -92 -479 1 0
 -76 -479 1 0
 -60 -479 1 0
 -44 -479 1 0
 -28 -479 1 0
 -12 -479 1 0
 4 -479 1 0
 20 -479 1 0
 36 -479 1 0
 50 -479 0 1
 -650 -545 0 1
 -650 -545 1 0
 -632 -545 1 0
 -614 -545 1 0
 -596 -545 1 0
 -578 -545 1 0
 -560 -545 1 0
 -542 -545 1 0
 -523 -545 1 0
 -505 -545 1 0
 -487 -545 1 0
 -469 -545 1 0
 -451 -545 1 0
 -433 -545 1 0
 -414 -545 1 0
 -396 -545 1 0
 -378 -545 1 0
 -360 -545 1 0
 -342 -545 1 0
 -324 -545 1 0
 -305 -545 0 1
 -287 -545 0 1
 -269 -545 0 1
 -251 -545 0 1
 -233 -545 1 0
 -215 -545 1 0
 -196 -545 1 0
 -178 -545 1 0
 -160 -545 1 0
 -142 -545 1 0
 -124 -545 1 0
 -106 -545 1 0
 -87 -545 1 0
 -69 -545 1 0
 -51 -545 1 0
 -33 -545 1 0
 -15 -545 1 0
 3 -545 1 0
 22 -545 1 0
 40 -545 1 0
 50 -545 1 0
  -650 -613 1 0
 -630 -613 1 0
 -610 -613 1 0
 -589 -613 1 0
 -569 -613 0 1
 -548 -613 0 1
 -528 -613 0 1
 -507 -613 0 1
 -487 -613 0 1
 -467 -613 0 1
 -446 -613 0 1
 -426 -613 0 1
 -405 -613 0 1
 -385 -613 0 1
 -364 -613 0 1
 -344 -613 0 1
 -324 -613 0 1
 -303 -613 0 1
 -283 -613 0 1
 -262 -613 0 1
 -242 -613 0 1
 -221 -613 0 1
 -201 -613 0 1
 -181 -613 0 1
 -160 -613 0 1
 -140 -613 0 1
 -119 -613 1 0
 -99 -613 1 0
 -78 -613 1 0
 -58 -613 1 0
 -38 -613 1 0
 -17 -613 1 0
 3 -613 1 0
 24 -613 1 0
 44 -613 1 0
 50 -613 1 0
  -650 -404 1 0
 -637 -404 1 0
 -624 -404 1 0
 -610 -404 1 0
 -597 -404 1 0
 -583 -404 1 0
 -570 -404 1 0
 -556 -404 1 0
 -543 -404 0 1
 -529 -404 0 1
 -516 -404 0 1
 -502 -404 0 1
 -489 -404 0 1
 -475 -404 0 1
 -462 -404 0 1
 -448 -404 0 1
 -435 -404 0 1
 -422 -404 0 1
 -408 -404 0 1
 -395 -404 0 1
 -381 -404 0 1
 -368 -404 0 1
 -354 -404 0 1
 -341 -404 0 1
 -327 -404 0 1
 -314 -404 0 1
 -300 -404 0 1
 -287 -404 0 1
 -273 -404 0 1
 -260 -404 0 1
 -247 -404 0 1
 -233 -404 0 1
 -220 -404 0 1
 -206 -404 0 1
 -193 -404 0 1
 -179 -404 0 1
 -166 -404 0 1
 -152 -404 0 1
 -139 -404 1 0
 -125 -404 1 0
 -112 -404 1 0
 -98 -404 1 0
 -85 -404 1 0
 -71 -404 1 0
 -58 -404 1 0
 -45 -404 1 0
 -31 -404 1 0
 -18 -404 1 0
 -4 -404 1 0
 9 -404 1 0
 23 -404 1 0
 36 -404 1 0
 50 -404 1 0
  -650 -759 1 0
 -625 -759 1 0
 -600 -759 1 0
 -575 -759 1 0
 -549 -759 1 0
 -524 -759 1 0
 -499 -759 0 1
 -473 -759 0 1
 -448 -759 0 1
 -423 -759 0 1
 -398 -759 0 1
 -372 -759 0 1
 -347 -759 0 1
 -322 -759 0 1
 -296 -759 0 1
 -271 -759 0 1
 -246 -759 0 1
 -220 -759 0 1
 -195 -759 0 1
 -170 -759 1 0
 -145 -759 1 0
 -119 -759 1 0
 -94 -759 1 0
 -69 -759 1 0
 -43 -759 1 0
 -18 -759 1 0
 7 -759 1 0
 33 -759 1 0
 50 -759 1 0
  -650 -638 1 0
 -629 -638 1 0
 -608 -638 1 0
 -587 -638 1 0
 -565 -638 1 0
 -544 -638 1 0
 -523 -638 1 0
 -502 -638 1 0
 -480 -638 0 1
 -459 -638 0 1
 -438 -638 0 1
 -417 -638 0 1
 -395 -638 0 1
 -374 -638 0 1
 -353 -638 0 1
 -332 -638 0 1
 -310 -638 1 0
 -289 -638 1 0
 -268 -638 1 0
 -246 -638 1 0
 -225 -638 1 0
 -204 -638 1 0
 -183 -638 1 0
 -161 -638 1 0
 -140 -638 1 0
 -119 -638 1 0
 -98 -638 1 0
 -76 -638 1 0
 -55 -638 1 0
 -34 -638 1 0
 -13 -638 1 0
 9 -638 1 0
 30 -638 1 0
 50 -638 1 0
  -650 -325 1 0
 -640 -325 1 0
 -629 -325 1 0
 -618 -325 0 1
 -607 -325 0 1
 -596 -325 0 1
 -585 -325 0 1
 -575 -325 0 1
 -564 -325 0 1
 -553 -325 0 1
 -542 -325 0 1
 -531 -325 0 1
 -520 -325 0 1
 -510 -325 0 1
 -499 -325 0 1
 -488 -325 0 1
 -477 -325 0 1
 -466 -325 0 1
 -455 -325 0 1
 -445 -325 0 1
 -434 -325 0 1
 -423 -325 0 1
 -412 -325 0 1
 -401 -325 0 1
 -390 -325 0 1
 -380 -325 0 1
 -369 -325 0 1
 -358 -325 0 1
 -347 -325 0 1
 -336 -325 0 1
 -325 -325 0 1
 -315 -325 0 1
 -304 -325 0 1
 -293 -325 0 1
 -282 -325 0 1
 -271 -325 0 1
 -260 -325 0 1
 -250 -325 0 1
 -239 -325 0 1
 -228 -325 0 1
 -217 -325 0 1
 -206 -325 0 1
 -195 -325 0 1
 -185 -325 0 1
 -174 -325 0 1
 -163 -325 0 1
 -152 -325 0 1
 -141 -325 0 1
 -130 -325 1 0
 -120 -325 1 0
 -109 -325 1 0
 -98 -325 1 0
 -87 -325 1 0
 -76 -325 1 0
 -65 -325 1 0
 -55 -325 1 0
 -44 -325 1 0
 -33 -325 1 0
 -22 -325 1 0
 -11 -325 1 0
 0 -325 1 0
 10 -325 1 0
 21 -325 1 0
 32 -325 1 0
 43 -325 1 0
 50 -325 1 0
  -650 -575 1 0
 -631 -575 1 0
 -612 -575 1 0
 -593 -575 0 1
 -574 -575 0 1
 -555 -575 0 1
 -536 -575 0 1
 -516 -575 0 1
 -497 -575 0 1
 -478 -575 0 1
 -459 -575 0 1
 -440 -575 0 1
 -421 -575 0 1
 -401 -575 0 1
 -382 -575 0 1
 -363 -575 0 1
 -344 -575 0 1
 -325 -575 0 1
 -306 -575 0 1
 -286 -575 0 1
 -267 -575 0 1
 -248 -575 0 1
 -229 -575 0 1
 -210 -575 0 1
 -191 -575 0 1
 -171 -575 1 0
 -152 -575 1 0
 -133 -575 1 0
 -114 -575 1 0
 -95 -575 1 0
 -76 -575 1 0
 -56 -575 1 0
 -37 -575 1 0
 -18 -575 1 0
 1 -575 1 0
 20 -575 1 0
 39 -575 1 0
 50 -575 1 0
  -650 -675 1 0
 -628 -675 1 0
 -605 -675 1 0
 -583 -675 1 0
 -560 -675 1 0
 -538 -675 1 0
 -515 -675 1 0
 -493 -675 0 1
 -470 -675 0 1
 -448 -675 0 1
 -425 -675 0 1
 -403 -675 0 1
 -380 -675 0 1
 -358 -675 0 1
 -335 -675 0 1
 -313 -675 0 1
 -290 -675 0 1
 -268 -675 0 1
 -245 -675 0 1
 -223 -675 0 1
 -200 -675 0 1
 -178 -675 0 1
 -155 -675 1 0
 -133 -675 1 0
 -110 -675 1 0
 -88 -675 1 0
 -65 -675 1 0
 -43 -675 1 0
 -20 -675 1 0
 2 -675 1 0
 25 -675 1 0
 47 -675 1 0
 50 -675 1 0
  -650 -603 1 0
 -630 -603 1 0
 -610 -603 1 0
 -590 -603 1 0
 -570 -603 1 0
 -550 -603 1 0
 -530 -603 1 0
 -510 -603 1 0
 -490 -603 0 1
 -470 -603 0 1
 -449 -603 0 1
 -429 -603 0 1
 -409 -603 0 1
 -389 -603 0 1
 -369 -603 0 1
 -349 -603 0 1
 -329 -603 0 1
 -309 -603 0 1
 -289 -603 0 1
 -269 -603 0 1
 -248 -603 0 1
 -228 -603 0 1
 -208 -603 1 0
 -188 -603 1 0
 -168 -603 1 0
 -148 -603 1 0
 -128 -603 1 0
 -108 -603 1 0
 -88 -603 1 0
 -68 -603 1 0
 -47 -603 1 0
 -27 -603 1 0
 -7 -603 1 0
 13 -603 1 0
 33 -603 1 0
 50 -603 1 0
  -650 -614 1 0
 -630 -614 1 0
 -610 -614 1 0
 -589 -614 1 0
 -569 -614 1 0
 -548 -614 1 0
 -528 -614 1 0
 -507 -614 0 1
 -487 -614 0 1
 -466 -614 0 1
 -446 -614 0 1
 -425 -614 0 1
 -405 -614 0 1
 -384 -614 0 1
 -364 -614 0 1
 -343 -614 0 1
 -323 -614 0 1
 -303 -614 0 1
 -282 -614 0 1
 -262 -614 0 1
 -241 -614 0 1
 -221 -614 0 1
 -200 -614 0 1
 -180 -614 1 0
 -159 -614 1 0
 -139 -614 1 0
 -118 -614 1 0
 -98 -614 1 0
 -77 -614 1 0
 -57 -614 1 0
 -37 -614 1 0
 -16 -614 1 0
 4 -614 1 0
 25 -614 1 0
 45 -614 1 0
 50 -614 1 0
  -650 -635 1 0
 -629 -635 1 0
 -608 -635 1 0
 -587 -635 1 0
 -566 -635 1 0
 -545 -635 1 0
 -524 -635 1 0
 -502 -635 0 1
 -481 -635 0 1
 -460 -635 0 1
 -439 -635 0 1
 -418 -635 0 1
 -397 -635 0 1
 -375 -635 0 1
 -354 -635 0 1
 -333 -635 0 1
 -312 -635 0 1
 -291 -635 0 1
 -270 -635 0 1
 -248 -635 0 1
 -227 -635 0 1
 -206 -635 0 1
 -185 -635 0 1
 -164 -635 0 1
 -143 -635 0 1
 -121 -635 0 1
 -100 -635 1 0
 -79 -635 1 0
 -58 -635 1 0
 -37 -635 1 0
 -16 -635 1 0
 6 -635 1 0
 27 -635 1 0
 48 -635 1 0
 50 -635 1 0
  -650 -766 1 0
 -625 -766 1 0
 -599 -766 1 0
 -574 -766 1 0
 -548 -766 1 0
 -523 -766 1 0
 -497 -766 1 0
 -472 -766 1 0
 -446 -766 0 1
 -421 -766 0 1
 -395 -766 0 1
 -370 -766 0 1
 -344 -766 0 1
 -319 -766 0 1
 -293 -766 0 1
 -268 -766 0 1
 -242 -766 0 1
 -216 -766 0 1
 -191 -766 0 1
 -165 -766 1 0
 -140 -766 1 0
 -114 -766 1 0
 -89 -766 1 0
 -63 -766 1 0
 -38 -766 1 0
 -12 -766 1 0
 13 -766 1 0
 39 -766 1 0
 50 -766 1 0
  -650 -419 1 0
 -637 -419 1 0
 -623 -419 1 0
 -609 -419 1 0
 -595 -419 1 0
 -581 -419 1 0
 -567 -419 1 0
 -553 -419 1 0
 -539 -419 0 1
 -525 -419 0 1
 -511 -419 0 1
 -497 -419 0 1
 -483 -419 0 1
 -469 -419 0 1
 -455 -419 0 1
 -441 -419 0 1
 -427 -419 0 1
 -413 -419 0 1
 -399 -419 0 1
 -385 -419 0 1
 -371 -419 0 1
 -357 -419 0 1
 -343 -419 0 1
 -329 -419 0 1
 -315 -419 0 1
 -301 -419 0 1
 -287 -419 0 1
 -273 -419 0 1
 -259 -419 0 1
 -245 -419 0 1
 -232 -419 0 1
 -218 -419 0 1
 -204 -419 0 1
 -190 -419 0 1
 -176 -419 0 1
 -162 -419 1 0
 -148 -419 1 0
 -134 -419 1 0
 -120 -419 1 0
 -106 -419 1 0
 -92 -419 1 0
 -78 -419 1 0
 -64 -419 1 0
 -50 -419 1 0
 -36 -419 1 0
 -22 -419 1 0
 -8 -419 1 0
 6 -419 1 0
 20 -419 1 0
 34 -419 1 0
 48 -419 1 0
 50 -419 1 0
  -650 -608 1 0
 -630 -608 1 0
 -610 -608 1 0
 -590 -608 1 0
 -569 -608 0 1
 -549 -608 0 1
 -529 -608 0 1
 -509 -608 0 1
 -488 -608 0 1
 -468 -608 0 1
 -448 -608 0 1
 -428 -608 0 1
 -407 -608 0 1
 -387 -608 0 1
 -367 -608 0 1
 -347 -608 0 1
 -326 -608 0 1
 -306 -608 0 1
 -286 -608 0 1
 -265 -608 0 1
 -245 -608 0 1
 -225 -608 1 0
 -205 -608 1 0
 -184 -608 1 0
 -164 -608 1 0
 -144 -608 1 0
 -124 -608 1 0
 -103 -608 1 0
 -83 -608 1 0
 -63 -608 1 0
 -43 -608 1 0
 -22 -608 1 0
 -2 -608 1 0
 18 -608 1 0
 39 -608 1 0
 50 -608 1 0
  -650 -320 1 0
 -640 -320 1 0
 -629 -320 1 0
 -619 -320 1 0
 -608 -320 1 0
 -597 -320 1 0
 -587 -320 0 1
 -576 -320 0 1
 -565 -320 0 1
 -555 -320 0 1
 -544 -320 0 1
 -533 -320 0 1
 -523 -320 0 1
 -512 -320 0 1
 -501 -320 0 1
 -491 -320 0 1
 -480 -320 0 1
 -469 -320 0 1
 -459 -320 0 1
 -448 -320 0 1
 -437 -320 0 1
 -427 -320 0 1
 -416 -320 0 1
 -405 -320 0 1
 -395 -320 0 1
 -384 -320 0 1
 -373 -320 0 1
 -363 -320 0 1
 -352 -320 0 1
 -341 -320 0 1
 -331 -320 0 1
 -320 -320 0 1
 -309 -320 0 1
 -299 -320 0 1
 -288 -320 0 1
 -277 -320 0 1
 -267 -320 0 1
 -256 -320 0 1
 -245 -320 0 1
 -235 -320 0 1
 -224 -320 0 1
 -213 -320 0 1
 -203 -320 0 1
 -192 -320 0 1
 -181 -320 0 1
 -171 -320 0 1
 -160 -320 0 1
 -149 -320 0 1
 -139 -320 1 0
 -128 -320 1 0
 -117 -320 1 0
 -107 -320 1 0
 -96 -320 1 0
 -85 -320 1 0
 -75 -320 1 0
 -64 -320 1 0
 -53 -320 1 0
 -43 -320 1 0
 -32 -320 1 0
 -21 -320 1 0
 -11 -320 1 0
 0 -320 1 0
 11 -320 1 0
 21 -320 1 0
 32 -320 1 0
 43 -320 1 0
 50 -320 1 0
 -650 -651 1 0
 -650 -651 0 1
 -629 -651 0 1
 -607 -651 0 1
 -585 -651 0 1
 -564 -651 0 1
 -542 -651 0 1
 -520 -651 0 1
 -499 -651 0 1
 -477 -651 0 1
 -455 -651 0 1
 -433 -651 0 1
 -412 -651 0 1
 -390 -651 0 1
 -368 -651 0 1
 -347 -651 0 1
 -325 -651 0 1
 -303 -651 0 1
 -282 -651 0 1
 -260 -651 0 1
 -238 -651 0 1
 -216 -651 0 1
 -195 -651 0 1
 -173 -651 0 1
 -151 -651 0 1
 -130 -651 0 1
 -108 -651 1 0
 -86 -651 1 0
 -65 -651 1 0
 -43 -651 1 0
 -21 -651 1 0
 1 -651 1 0
 22 -651 1 0
 44 -651 1 0
 50 -651 1 0
  -650 -553 1 0
 -632 -553 1 0
 -614 -553 1 0
 -595 -553 1 0
 -577 -553 1 0
 -558 -553 1 0
 -540 -553 1 0
 -521 -553 1 0
 -503 -553 0 1
 -485 -553 0 1
 -466 -553 0 1
 -448 -553 0 1
 -429 -553 0 1
 -411 -553 0 1
 -392 -553 0 1
 -374 -553 0 1
 -356 -553 0 1
 -337 -553 0 1
 -319 -553 0 1
 -300 -553 0 1
 -282 -553 0 1
 -263 -553 0 1
 -245 -553 1 0
 -227 -553 1 0
 -208 -553 1 0
 -190 -553 1 0
 -171 -553 1 0
 -153 -553 1 0
 -134 -553 1 0
 -116 -553 1 0
 -98 -553 1 0
 -79 -553 1 0
 -61 -553 1 0
 -42 -553 1 0
 -24 -553 1 0
 -5 -553 1 0
 13 -553 1 0
 32 -553 1 0
 50 -553 1 0
  -650 -687 1 0
 -628 -687 1 0
 -605 -687 1 0
 -582 -687 1 0
 -559 -687 0 1
 -536 -687 0 1
 -513 -687 0 1
 -490 -687 0 1
 -467 -687 0 1
 -444 -687 0 1
 -422 -687 0 1
 -399 -687 0 1
 -376 -687 0 1
 -353 -687 0 1
 -330 -687 0 1
 -307 -687 0 1
 -284 -687 0 1
 -261 -687 0 1
 -238 -687 0 1
 -215 -687 0 1
 -193 -687 1 0
 -170 -687 1 0
 -147 -687 1 0
 -124 -687 1 0
 -101 -687 1 0
 -78 -687 1 0
 -55 -687 1 0
 -32 -687 1 0
 -9 -687 1 0
 14 -687 1 0
 36 -687 1 0
 50 -687 1 0
  -650 -453 1 0
 -635 -453 1 0
 -620 -453 1 0
 -605 -453 1 0
 -590 -453 1 0
 -575 -453 1 0
 -560 -453 1 0
 -545 -453 0 1
 -530 -453 0 1
 -515 -453 0 1
 -499 -453 0 1
 -484 -453 0 1
 -469 -453 0 1
 -454 -453 0 1
 -439 -453 0 1
 -424 -453 0 1
 -409 -453 0 1
 -394 -453 0 1
 -379 -453 0 1
 -364 -453 0 1
 -348 -453 0 1
 -333 -453 0 1
 -318 -453 0 1
 -303 -453 0 1
 -288 -453 0 1
 -273 -453 0 1
 -258 -453 0 1
 -243 -453 1 0
 -228 -453 1 0
 -213 -453 1 0
 -197 -453 1 0
 -182 -453 1 0
 -167 -453 1 0
 -152 -453 1 0
 -137 -453 1 0
 -122 -453 1 0
 -107 -453 1 0
 -92 -453 1 0
 -77 -453 1 0
 -62 -453 1 0
 -46 -453 1 0
 -31 -453 1 0
 -16 -453 1 0
 -1 -453 1 0
 14 -453 1 0
 29 -453 1 0
 44 -453 0 1
 50 -453 1 0
  -650 -314 1 0
 -640 -314 1 0
 -630 -314 0 1
 -619 -314 0 1
 -609 -314 0 1
 -598 -314 0 1
 -588 -314 0 1
 -577 -314 0 1
 -567 -314 0 1
 -556 -314 0 1
 -546 -314 0 1
 -535 -314 0 1
 -525 -314 0 1
 -514 -314 0 1
 -504 -314 0 1
 -493 -314 0 1
 -483 -314 0 1
 -473 -314 0 1
 -462 -314 0 1
 -452 -314 0 1
 -441 -314 0 1
 -431 -314 0 1
 -420 -314 0 1
 -410 -314 0 1
 -399 -314 0 1
 -389 -314 0 1
 -378 -314 0 1
 -368 -314 0 1
 -357 -314 0 1
 -347 -314 0 1
 -336 -314 0 1
 -326 -314 0 1
 -316 -314 0 1
 -305 -314 0 1
 -295 -314 0 1
 -284 -314 0 1
 -274 -314 0 1
 -263 -314 0 1
 -253 -314 0 1
 -242 -314 0 1
 -232 -314 0 1
 -221 -314 0 1
 -211 -314 0 1
 -200 -314 0 1
 -190 -314 0 1
 -180 -314 0 1
 -169 -314 0 1
 -159 -314 1 0
 -148 -314 1 0
 -138 -314 1 0
 -127 -314 1 0
 -117 -314 1 0
 -106 -314 1 0
 -96 -314 1 0
 -85 -314 1 0
 -75 -314 1 0
 -64 -314 1 0
 -54 -314 1 0
 -43 -314 1 0
 -33 -314 1 0
 -23 -314 1 0
 -12 -314 1 0
 -2 -314 1 0
 9 -314 1 0
 19 -314 1 0
 30 -314 1 0
 40 -314 0 1
 50 -314 0 1
  -650 -522 0 1
 -633 -522 0 1
 -616 -522 0 1
 -598 -522 0 1
 -581 -522 0 1
 -564 -522 0 1
 -546 -522 0 1
 -529 -522 0 1
 -511 -522 0 1
 -494 -522 0 1
 -477 -522 0 1
 -459 -522 0 1
 -442 -522 0 1
 -424 -522 0 1
 -407 -522 0 1
 -390 -522 0 1
 -372 -522 0 1
 -355 -522 0 1
 -337 -522 0 1
 -320 -522 0 1
 -303 -522 0 1
 -285 -522 0 1
 -268 -522 0 1
 -250 -522 0 1
 -233 -522 0 1
 -216 -522 0 1
 -198 -522 0 1
 -181 -522 0 1
 -163 -522 1 0
 -146 -522 1 0
 -129 -522 1 0
 -111 -522 1 0
 -94 -522 1 0
 -76 -522 1 0
 -59 -522 1 0
 -42 -522 1 0
 -24 -522 1 0
 -7 -522 1 0
 11 -522 1 0
 28 -522 1 0
 45 -522 1 0
 50 -522 1 0
  -650 -580 1 0
 -631 -580 1 0
 -612 -580 1 0
 -592 -580 1 0
 -573 -580 1 0
 -554 -580 1 0
 -534 -580 1 0
 -515 -580 0 1
 -496 -580 0 1
 -476 -580 0 1
 -457 -580 0 1
 -438 -580 0 1
 -418 -580 0 1
 -399 -580 0 1
 -380 -580 0 1
 -360 -580 0 1
 -341 -580 0 1
 -322 -580 0 1
 -302 -580 0 1
 -283 -580 0 1
 -264 -580 0 1
 -244 -580 0 1
 -225 -580 0 1
 -206 -580 0 1
 -186 -580 0 1
 -167 -580 0 1
 -148 -580 0 1
 -128 -580 1 0
 -109 -580 1 0
 -90 -580 1 0
 -70 -580 1 0
 -51 -580 1 0
 -32 -580 1 0
 -12 -580 1 0
 7 -580 1 0
 26 -580 1 0
 46 -580 1 0
 50 -580 1 0
  -650 -415 1 0
 -637 -415 1 0
 -623 -415 1 0
 -609 -415 1 0
 -595 -415 1 0
 -581 -415 1 0
 -567 -415 1 0
 -554 -415 1 0
 -540 -415 0 1
 -526 -415 0 1
 -512 -415 0 1
 -498 -415 0 1
 -484 -415 0 1
 -471 -415 0 1
 -457 -415 0 1
 -443 -415 0 1
 -429 -415 0 1
 -415 -415 0 1
 -401 -415 0 1
 -388 -415 0 1
 -374 -415 0 1
 -360 -415 0 1
 -346 -415 0 1
 -332 -415 0 1
 -318 -415 0 1
 -305 -415 0 1
 -291 -415 0 1
 -277 -415 0 1
 -263 -415 0 1
 -249 -415 0 1
 -235 -415 0 1
 -222 -415 0 1
 -208 -415 0 1
 -194 -415 0 1
 -180 -415 0 1
 -166 -415 1 0
 -152 -415 1 0
 -139 -415 1 0
 -125 -415 1 0
 -111 -415 1 0
 -97 -415 1 0
 -83 -415 1 0
 -69 -415 1 0
 -56 -415 1 0
 -42 -415 1 0
 -28 -415 1 0
 -14 -415 1 0
 0 -415 1 0
 14 -415 1 0
 27 -415 1 0
 41 -415 1 0
 50 -415 1 0
  -650 -425 1 0
 -636 -425 1 0
 -622 -425 1 0
 -608 -425 1 0
 -594 -425 0 1
 -580 -425 0 1
 -566 -425 0 1
 -551 -425 0 1
 -537 -425 0 1
 -523 -425 0 1
 -509 -425 0 1
 -495 -425 0 1
 -481 -425 0 1
 -466 -425 0 1
 -452 -425 0 1
 -438 -425 0 1
 -424 -425 0 1
 -410 -425 0 1
 -396 -425 0 1
 -381 -425 0 1
 -367 -425 0 1
 -353 -425 0 1
 -339 -425 0 1
 -325 -425 0 1
 -311 -425 0 1
 -296 -425 0 1
 -282 -425 0 1
 -268 -425 0 1
 -254 -425 0 1
 -240 -425 0 1
 -226 -425 0 1
 -211 -425 0 1
 -197 -425 0 1
 -183 -425 0 1
 -169 -425 1 0
 -155 -425 1 0
 -141 -425 1 0
 -126 -425 1 0
 -112 -425 1 0
 -98 -425 1 0
 -84 -425 1 0
 -70 -425 1 0
 -56 -425 1 0
 -41 -425 1 0
 -27 -425 1 0
 -13 -425 1 0
 1 -425 1 0
 15 -425 1 0
 29 -425 1 0
 44 -425 1 0
 50 -425 1 0
  -650 -302 1 0
 -640 -302 1 0
 -630 -302 1 0
 -620 -302 1 0
 -610 -302 0 1
 -600 -302 0 1
 -590 -302 0 1
 -580 -302 0 1
 -570 -302 0 1
 -560 -302 0 1
 -550 -302 0 1
 -540 -302 0 1
 -530 -302 0 1
 -520 -302 0 1
 -510 -302 0 1
 -499 -302 0 1
 -489 -302 0 1
 -479 -302 0 1
 -469 -302 0 1
 -459 -302 0 1
 -449 -302 0 1
 -439 -302 0 1
 -429 -302 0 1
 -419 -302 0 1
 -409 -302 0 1
 -399 -302 0 1
 -389 -302 0 1
 -379 -302 0 1
 -369 -302 0 1
 -359 -302 0 1
 -348 -302 0 1
 -338 -302 0 1
 -328 -302 0 1
 -318 -302 0 1
 -308 -302 0 1
 -298 -302 0 1
 -288 -302 0 1
 -278 -302 0 1
 -268 -302 0 1
 -258 -302 0 1
 -248 -302 0 1
 -238 -302 0 1
 -228 -302 0 1
 -218 -302 0 1
 -208 -302 0 1
 -197 -302 0 1
 -187 -302 0 1
 -177 -302 0 1
 -167 -302 0 1
 -157 -302 0 1
 -147 -302 1 0
 -137 -302 1 0
 -127 -302 1 0
 -117 -302 1 0
 -107 -302 1 0
 -97 -302 1 0
 -87 -302 1 0
 -77 -302 1 0
 -67 -302 1 0
 -57 -302 1 0
 -46 -302 1 0
 -36 -302 1 0
 -26 -302 1 0
 -16 -302 1 0
 -6 -302 1 0
 4 -302 1 0
 14 -302 1 0
 24 -302 1 0
 34 -302 1 0
 44 -302 0 1
 50 -302 0 1
  -650 -557 0 1
 -632 -557 0 1
 -613 -557 0 1
 -595 -557 0 1
 -576 -557 0 1
 -558 -557 0 1
 -539 -557 0 1
 -521 -557 0 1
 -502 -557 0 1
 -483 -557 0 1
 -465 -557 0 1
 -446 -557 0 1
 -428 -557 0 1
 -409 -557 0 1
 -391 -557 0 1
 -372 -557 0 1
 -353 -557 0 1
 -335 -557 0 1
 -316 -557 0 1
 -298 -557 0 1
 -279 -557 0 1
 -261 -557 0 1
 -242 -557 0 1
 -223 -557 0 1
 -205 -557 0 1
 -186 -557 0 1
 -168 -557 1 0
 -149 -557 1 0
 -131 -557 1 0
 -112 -557 1 0
 -93 -557 1 0
 -75 -557 1 0
 -56 -557 1 0
 -38 -557 1 0
 -19 -557 1 0
 -1 -557 1 0
 18 -557 1 0
 36 -557 1 0
 50 -557 1 0
  -650 -503 1 0
 -634 -503 1 0
 -617 -503 1 0
 -600 -503 1 0
 -583 -503 1 0
 -567 -503 1 0
 -550 -503 1 0
 -533 -503 0 1
 -516 -503 0 1
 -500 -503 0 1
 -483 -503 0 1
 -466 -503 0 1
 -449 -503 0 1
 -433 -503 0 1
 -416 -503 0 1
 -399 -503 0 1
 -382 -503 0 1
 -365 -503 0 1
 -349 -503 0 1
 -332 -503 0 1
 -315 -503 0 1
 -298 -503 0 1
 -282 -503 0 1
 -265 -503 0 1
 -248 -503 0 1
 -231 -503 0 1
 -215 -503 0 1
 -198 -503 0 1
 -181 -503 1 0
 -164 -503 1 0
 -148 -503 1 0
 -131 -503 1 0
 -114 -503 1 0
 -97 -503 1 0
 -80 -503 1 0
 -64 -503 1 0
 -47 -503 1 0
 -30 -503 1 0
 -13 -503 1 0
 3 -503 1 0
 20 -503 1 0
 37 -503 1 0
 50 -503 1 0
  -650 -527 1 0
 -633 -527 1 0
 -615 -527 1 0
 -598 -527 1 0
 -580 -527 1 0
 -563 -527 1 0
 -545 -527 0 1
 -528 -527 0 1
 -510 -527 0 1
 -492 -527 0 1
 -475 -527 0 1
 -457 -527 0 1
 -440 -527 0 1
 -422 -527 0 1
 -405 -527 0 1
 -387 -527 0 1
 -369 -527 0 1
 -352 -527 0 1
 -334 -527 0 1
 -317 -527 0 1
 -299 -527 0 1
 -282 -527 0 1
 -264 -527 0 1
 -246 -527 0 1
 -229 -527 0 1
 -211 -527 0 1
 -194 -527 0 1
 -176 -527 0 1
 -159 -527 1 0
 -141 -527 1 0
 -123 -527 1 0
 -106 -527 1 0
 -88 -527 1 0
 -71 -527 1 0
 -53 -527 1 0
 -36 -527 1 0
 -18 -527 1 0
 -1 -527 1 0
 17 -527 1 0
 35 -527 1 0
 50 -527 1 0
  -650 -580 1 0
 -631 -580 1 0
 -612 -580 1 0
 -592 -580 1 0
 -573 -580 1 0
 -554 -580 1 0
 -534 -580 1 0
 -515 -580 0 1
 -496 -580 0 1
 -476 -580 0 1
 -457 -580 0 1
 -438 -580 0 1
 -418 -580 0 1
 -399 -580 0 1
 -380 -580 0 1
 -360 -580 0 1
 -341 -580 0 1
 -322 -580 0 1
 -302 -580 0 1
 -283 -580 0 1
 -264 -580 0 1
 -244 -580 0 1
 -225 -580 0 1
 -206 -580 0 1
 -186 -580 1 0
 -167 -580 1 0
 -148 -580 1 0
 -128 -580 1 0
 -109 -580 1 0
 -90 -580 1 0
 -70 -580 1 0
 -51 -580 1 0
 -32 -580 1 0
 -12 -580 1 0
 7 -580 1 0
 26 -580 1 0
 46 -580 1 0
 50 -580 1 0
  -650 -324 1 0
 -640 -324 1 0
 -629 -324 1 0
 -618 -324 1 0
 -607 -324 1 0
 -597 -324 1 0
 -586 -324 1 0
 -575 -324 0 1
 -564 -324 0 1
 -553 -324 0 1
 -543 -324 0 1
 -532 -324 0 1
 -521 -324 0 1
 -510 -324 0 1
 -499 -324 0 1
 -489 -324 0 1
 -478 -324 0 1
 -467 -324 0 1
 -456 -324 0 1
 -445 -324 0 1
 -435 -324 0 1
 -424 -324 0 1
 -413 -324 0 1
 -402 -324 0 1
 -391 -324 0 1
 -381 -324 0 1
 -370 -324 0 1
 -359 -324 0 1
 -348 -324 0 1
 -337 -324 0 1
 -327 -324 0 1
 -316 -324 0 1
 -305 -324 0 1
 -294 -324 0 1
 -283 -324 0 1
 -273 -324 0 1
 -262 -324 0 1
 -251 -324 0 1
 -240 -324 0 1
 -229 -324 0 1
 -219 -324 0 1
 -208 -324 0 1
 -197 -324 0 1
 -186 -324 0 1
 -175 -324 0 1
 -165 -324 1 0
 -154 -324 1 0
 -143 -324 1 0
 -132 -324 1 0
 -121 -324 1 0
 -111 -324 1 0
 -100 -324 1 0
 -89 -324 1 0
 -78 -324 1 0
 -67 -324 1 0
 -57 -324 1 0
 -46 -324 1 0
 -35 -324 1 0
 -24 -324 1 0
 -13 -324 1 0
 -3 -324 1 0
 8 -324 1 0
 19 -324 1 0
 30 -324 1 0
 41 -324 0 1
 50 -324 0 1
  -650 -596 0 1
 -631 -596 0 1
 -611 -596 0 1
 -591 -596 0 1
 -571 -596 0 1
 -551 -596 0 1
 -531 -596 0 1
 -511 -596 0 1
 -492 -596 0 1
 -472 -596 0 1
 -452 -596 0 1
 -432 -596 0 1
 -412 -596 0 1
 -392 -596 0 1
 -372 -596 0 1
 -352 -596 0 1
 -333 -596 0 1
 -313 -596 0 1
 -293 -596 0 1
 -273 -596 0 1
 -253 -596 0 1
 -233 -596 0 1
 -213 -596 0 1
 -194 -596 0 1
 -174 -596 0 1
 -154 -596 0 1
 -134 -596 0 1
 -114 -596 0 1
 -94 -596 0 1
 -74 -596 1 0
 -54 -596 1 0
 -35 -596 1 0
 -15 -596 1 0
 5 -596 1 0
 25 -596 1 0
 45 -596 1 0
 50 -596 1 0
  -650 -556 1 0
 -632 -556 1 0
 -613 -556 1 0
 -595 -556 1 0
 -576 -556 1 0
 -558 -556 1 0
 -539 -556 1 0
 -521 -556 1 0
 -502 -556 0 1
 -484 -556 0 1
 -465 -556 0 1
 -447 -556 0 1
 -428 -556 0 1
 -410 -556 0 1
 -391 -556 0 1
 -373 -556 0 1
 -354 -556 0 1
 -335 -556 0 1
 -317 -556 0 1
 -298 -556 0 1
 -280 -556 0 1
 -261 -556 0 1
 -243 -556 1 0
 -224 -556 1 0
 -206 -556 1 0
 -187 -556 1 0
 -169 -556 1 0
 -150 -556 1 0
 -132 -556 1 0
 -113 -556 1 0
 -95 -556 1 0
 -76 -556 1 0
 -57 -556 1 0
 -39 -556 1 0
 -20 -556 1 0
 -2 -556 1 0
 17 -556 1 0
 35 -556 1 0
 50 -556 1 0
  -650 -496 1 0
 -634 -496 1 0
 -617 -496 1 0
 -601 -496 1 0
 -584 -496 0 1
 -568 -496 0 1
 -551 -496 0 1
 -535 -496 0 1
 -518 -496 0 1
 -502 -496 0 1
 -485 -496 0 1
 -469 -496 0 1
 -452 -496 0 1
 -436 -496 0 1
 -419 -496 0 1
 -403 -496 0 1
 -386 -496 0 1
 -369 -496 0 1
 -353 -496 0 1
 -336 -496 0 1
 -320 -496 0 1
 -303 -496 0 1
 -287 -496 0 1
 -270 -496 0 1
 -254 -496 0 1
 -237 -496 0 1
 -221 -496 1 0
 -204 -496 1 0
 -188 -496 1 0
 -171 -496 1 0
 -155 -496 1 0
 -138 -496 1 0
 -121 -496 1 0
 -105 -496 1 0
 -88 -496 1 0
 -72 -496 1 0
 -55 -496 1 0
 -39 -496 1 0
 -22 -496 1 0
 -6 -496 1 0
 11 -496 1 0
 27 -496 1 0
 44 -496 1 0
 50 -496 1 0
  -650 -504 1 0
 -634 -504 1 0
 -617 -504 1 0
 -600 -504 0 1
 -583 -504 0 1
 -567 -504 0 1
 -550 -504 0 1
 -533 -504 0 1
 -516 -504 0 1
 -499 -504 0 1
 -483 -504 0 1
 -466 -504 0 1
 -449 -504 0 1
 -432 -504 0 1
 -415 -504 0 1
 -399 -504 0 1
 -382 -504 0 1
 -365 -504 0 1
 -348 -504 0 1
 -331 -504 0 1
 -315 -504 0 1
 -298 -504 0 1
 -281 -504 0 1
 -264 -504 0 1
 -247 -504 0 1
 -231 -504 0 1
 -214 -504 0 1
 -197 -504 0 1
 -180 -504 0 1
 -163 -504 1 0
 -147 -504 1 0
 -130 -504 1 0
 -113 -504 1 0
 -96 -504 1 0
 -79 -504 1 0
 -63 -504 1 0
 -46 -504 1 0
 -29 -504 1 0
 -12 -504 1 0
 5 -504 1 0
 21 -504 1 0
 38 -504 1 0
 50 -504 1 0
  -650 -587 1 0
 -631 -587 1 0
 -611 -587 1 0
 -592 -587 1 0
 -572 -587 1 0
 -553 -587 1 0
 -533 -587 1 0
 -514 -587 0 1
 -494 -587 0 1
 -474 -587 0 1
 -455 -587 0 1
 -435 -587 0 1
 -416 -587 0 1
 -396 -587 0 1
 -377 -587 0 1
 -357 -587 0 1
 -337 -587 0 1
 -318 -587 0 1
 -298 -587 0 1
 -279 -587 0 1
 -259 -587 0 1
 -240 -587 0 1
 -220 -587 0 1
 -200 -587 0 1
 -181 -587 0 1
 -161 -587 0 1
 -142 -587 0 1
 -122 -587 0 1
 -103 -587 1 0
 -83 -587 1 0
 -63 -587 1 0
 -44 -587 1 0
 -24 -587 1 0
 -5 -587 1 0
 15 -587 1 0
 34 -587 1 0
 50 -587 1 0
  -650 -782 1 0
 -624 -782 1 0
 -598 -782 1 0
 -572 -782 1 0
 -546 -782 1 0
 -520 -782 1 0
 -494 -782 1 0
 -468 -782 1 0
 -442 -782 0 1
 -416 -782 0 1
 -390 -782 0 1
 -364 -782 0 1
 -338 -782 0 1
 -312 -782 0 1
 -286 -782 0 1
 -259 -782 0 1
 -233 -782 0 1
 -207 -782 1 0
 -181 -782 1 0
 -155 -782 1 0
 -129 -782 1 0
 -103 -782 1 0
 -77 -782 1 0
 -51 -782 1 0
 -25 -782 1 0
 1 -782 1 0
 27 -782 1 0
 50 -782 1 0
  -650 -302 1 0
 -640 -302 1 0
 -630 -302 1 0
 -620 -302 1 0
 -610 -302 1 0
 -600 -302 1 0
 -590 -302 1 0
 -580 -302 1 0
 -570 -302 0 1
 -560 -302 0 1
 -550 -302 0 1
 -540 -302 0 1
 -530 -302 0 1
 -520 -302 0 1
 -510 -302 0 1
 -499 -302 0 1
 -489 -302 0 1
 -479 -302 0 1
 -469 -302 0 1
 -459 -302 0 1
 -449 -302 0 1
 -439 -302 0 1
 -429 -302 0 1
 -419 -302 0 1
 -409 -302 0 1
 -399 -302 0 1
 -389 -302 0 1
 -379 -302 0 1
 -369 -302 0 1
 -359 -302 0 1
 -348 -302 0 1
 -338 -302 0 1
 -328 -302 0 1
 -318 -302 0 1
 -308 -302 0 1
 -298 -302 0 1
 -288 -302 0 1
 -278 -302 0 1
 -268 -302 0 1
 -258 -302 0 1
 -248 -302 0 1
 -238 -302 0 1
 -228 -302 0 1
 -218 -302 0 1
 -208 -302 0 1
 -197 -302 0 1
 -187 -302 0 1
 -177 -302 0 1
 -167 -302 0 1
 -157 -302 0 1
 -147 -302 0 1
 -137 -302 0 1
 -127 -302 1 0
 -117 -302 1 0
 -107 -302 1 0
 -97 -302 1 0
 -87 -302 1 0
 -77 -302 1 0
 -67 -302 1 0
 -57 -302 1 0
 -46 -302 1 0
 -36 -302 1 0
 -26 -302 1 0
 -16 -302 1 0
 -6 -302 1 0
 4 -302 1 0
 14 -302 1 0
 24 -302 1 0
 34 -302 1 0
 44 -302 1 0
 50 -302 1 0
 -650 -654 1 0
 -650 -654 0 1
 -629 -654 0 1
 -607 -654 0 1
 -585 -654 0 1
 -563 -654 0 1
 -542 -654 0 1
 -520 -654 0 1
 -498 -654 0 1
 -476 -654 0 1
 -454 -654 0 1
 -433 -654 0 1
 -411 -654 0 1
 -389 -654 0 1
 -367 -654 0 1
 -345 -654 0 1
 -324 -654 0 1
 -302 -654 0 1
 -280 -654 1 0
 -258 -654 1 0
 -236 -654 1 0
 -215 -654 1 0
 -193 -654 1 0
 -171 -654 1 0
 -149 -654 1 0
 -127 -654 1 0
 -106 -654 1 0
 -84 -654 1 0
 -62 -654 1 0
 -40 -654 1 0
 -18 -654 1 0
 3 -654 1 0
 25 -654 1 0
 47 -654 1 0
 50 -654 1 0
  -650 -551 1 0
 -632 -551 1 0
 -614 -551 1 0
 -595 -551 1 0
 -577 -551 0 1
 -559 -551 0 1
 -540 -551 0 1
 -522 -551 0 1
 -504 -551 0 1
 -485 -551 0 1
 -467 -551 0 1
 -448 -551 0 1
 -430 -551 0 1
 -412 -551 0 1
 -393 -551 0 1
 -375 -551 0 1
 -357 -551 0 1
 -338 -551 0 1
 -320 -551 0 1
 -302 -551 0 1
 -283 -551 0 1
 -265 -551 0 1
 -246 -551 0 1
 -228 -551 0 1
 -210 -551 0 1
 -191 -551 0 1
 -173 -551 1 0
 -155 -551 1 0
 -136 -551 1 0
 -118 -551 1 0
 -99 -551 1 0
 -81 -551 1 0
 -63 -551 1 0
 -44 -551 1 0
 -26 -551 1 0
 -8 -551 1 0
 11 -551 1 0
 29 -551 1 0
 47 -551 1 0
 50 -551 1 0
  -650 -560 1 0
 -632 -560 1 0
 -613 -560 1 0
 -595 -560 1 0
 -576 -560 1 0
 -557 -560 1 0
 -539 -560 1 0
 -520 -560 0 1
 -501 -560 0 1
 -483 -560 0 1
 -464 -560 0 1
 -445 -560 0 1
 -427 -560 0 1
 -408 -560 0 1
 -389 -560 0 1
 -371 -560 0 1
 -352 -560 0 1
 -333 -560 0 1
 -315 -560 0 1
 -296 -560 0 1
 -277 -560 0 1
 -259 -560 0 1
 -240 -560 0 1
 -221 -560 0 1
 -203 -560 0 1
 -184 -560 0 1
 -165 -560 0 1
 -147 -560 0 1
 -128 -560 1 0
 -109 -560 1 0
 -91 -560 1 0
 -72 -560 1 0
 -53 -560 1 0
 -35 -560 1 0
 -16 -560 1 0
 3 -560 1 0
 21 -560 1 0
 40 -560 1 0
 50 -560 1 0
  -650 -530 1 0
 -633 -530 1 0
 -615 -530 1 0
 -598 -530 1 0
 -580 -530 1 0
 -562 -530 1 0
 -545 -530 1 0
 -527 -530 1 0
 -509 -530 0 1
 -492 -530 0 1
 -474 -530 0 1
 -456 -530 0 1
 -439 -530 0 1
 -421 -530 0 1
 -403 -530 0 1
 -386 -530 0 1
 -368 -530 0 1
 -350 -530 0 1
 -333 -530 0 1
 -315 -530 0 1
 -297 -530 0 1
 -280 -530 0 1
 -262 -530 0 1
 -244 -530 0 1
 -227 -530 0 1
 -209 -530 0 1
 -191 -530 0 1
 -174 -530 1 0
 -156 -530 1 0
 -138 -530 1 0
 -121 -530 1 0
 -103 -530 1 0
 -85 -530 1 0
 -68 -530 1 0
 -50 -530 1 0
 -32 -530 1 0
 -15 -530 1 0
 3 -530 1 0
 21 -530 1 0
 38 -530 1 0
 50 -530 1 0
  -650 -526 1 0
 -633 -526 1 0
 -615 -526 1 0
 -598 -526 1 0
 -580 -526 1 0
 -563 -526 1 0
 -545 -526 1 0
 -528 -526 0 1
 -510 -526 0 1
 -493 -526 0 1
 -475 -526 0 1
 -458 -526 0 1
 -440 -526 0 1
 -423 -526 0 1
 -405 -526 0 1
 -388 -526 0 1
 -370 -526 0 1
 -352 -526 0 1
 -335 -526 0 1
 -317 -526 0 1
 -300 -526 0 1
 -282 -526 0 1
 -265 -526 0 1
 -247 -526 0 1
 -230 -526 0 1
 -212 -526 0 1
 -195 -526 0 1
 -177 -526 0 1
 -160 -526 1 0
 -142 -526 1 0
 -125 -526 1 0
 -107 -526 1 0
 -89 -526 1 0
 -72 -526 1 0
 -54 -526 1 0
 -37 -526 1 0
 -19 -526 1 0
 -2 -526 1 0
 16 -526 1 0
 33 -526 1 0
 50 -526 1 0
  -650 -549 1 0
 -632 -549 1 0
 -614 -549 1 0
 -596 -549 1 0
 -577 -549 1 0
 -559 -549 1 0
 -541 -549 1 0
 -522 -549 0 1
 -504 -549 0 1
 -486 -549 0 1
 -468 -549 0 1
 -449 -549 0 1
 -431 -549 0 1
 -413 -549 0 1
 -394 -549 0 1
 -376 -549 0 1
 -358 -549 0 1
 -339 -549 0 1
 -321 -549 0 1
 -303 -549 0 1
 -285 -549 0 1
 -266 -549 0 1
 -248 -549 0 1
 -230 -549 0 1
 -211 -549 0 1
 -193 -549 0 1
 -175 -549 0 1
 -156 -549 0 1
 -138 -549 0 1
 -120 -549 0 1
 -102 -549 1 0
 -83 -549 1 0
 -65 -549 1 0
 -47 -549 1 0
 -28 -549 1 0
 -10 -549 1 0
 8 -549 1 0
 27 -549 1 0
 45 -549 1 0
 50 -549 1 0
  -650 -793 1 0
 -624 -793 1 0
 -598 -793 1 0
 -571 -793 1 0
 -545 -793 1 0
 -518 -793 1 0
 -492 -793 1 0
 -465 -793 1 0
 -439 -793 0 1
 -413 -793 0 1
 -386 -793 0 1
 -360 -793 0 1
 -333 -793 0 1
 -307 -793 0 1
 -280 -793 0 1
 -254 -793 0 1
 -228 -793 0 1
 -201 -793 0 1
 -175 -793 0 1
 -148 -793 0 1
 -122 -793 0 1
 -95 -793 0 1
 -69 -793 0 1
 -43 -793 1 0